1.390185479780854827e+01
3.249136823462664747e+00
2.113989952847512566e+00
1.791558671642969669e+00
1.588985528308590078e+00
1.438319475096838662e+00
1.317550963818003851e+00
1.216868217419126319e+00
1.130667098810859805e+00
1.055382467845780381e+00
9.886523796745987358e-01
9.288583586006147197e-01
8.748494475636894308e-01
8.257761528619962377e-01
7.809892988965395633e-01
7.399766672348681018e-01
7.023219965079557925e-01
6.676777549352334029e-01
6.357468094903134803e-01
6.062700642609383239e-01
5.790181701195589170e-01
5.537859896200867382e-01
5.303888746624196848e-01
5.086600872678135321e-01
4.884489057538493606e-01
4.696191217733519663e-01
4.520477529559407404e-01
4.356238769467439820e-01
4.202475431646285342e-01
4.058287469643417356e-01
3.922864646225103225e-01
3.795477525746360214e-01
3.675469147246880341e-01
3.562247400239416661e-01
3.455278103425600267e-01
3.354078766669257861e-01
3.258213001360636962e-01
3.167285534313453166e-01
3.080937774937187457e-01
2.998843883616948980e-01
2.920707289992132694e-01
2.846257612274361581e-01
2.775247932196985290e-01
2.707452384138697155e-01
2.642664021063022561e-01
2.580692923935351546e-01
2.521364525079924923e-01
2.464518119444837618e-01
2.410005540919532008e-01
2.357689983691364788e-01
6.952828152288841837e-05
